name: BabelBrain
channels:
  - defaults
  - conda-forge
dependencies:
  - 7zip=19.00=h59b6b97_2
  - appdirs=1.4.4=pyhd3eb1b0_0
  - brotlipy=0.7.0=py310h2bbff1b_1002
  - bzip2=1.0.8=he774522_0
  - ca-certificates=2023.01.10=haa95532_0
  - certifi=2022.12.7=py310haa95532_0
  - cffi=1.15.1=py310h2bbff1b_3
  - charset-normalizer=2.1.1=pyhd8ed1ab_0
  - cryptography=39.0.0=py310h52f42fa_0
  - cudatoolkit=11.8.0=h09e9e62_11
  - cudatoolkit-dev=11.6.0=hea1ff52_5
  - cupy=11.4.0=py310h782d1bb_0
  - curl=7.87.0=h2bbff1b_0
  - idna=3.4=py310haa95532_0
  - intel-openmp=2023.0.0=h57928b3_25922
  - libblas=3.9.0=16_win64_mkl
  - libcblas=3.9.0=16_win64_mkl
  - libcurl=7.87.0=h86230a5_0
  - libffi=3.4.2=hd77b12b_6
  - liblapack=3.9.0=16_win64_mkl
  - libssh2=1.10.0=hcd4344a_0
  - m2w64-gcc-libgfortran=5.3.0=6
  - m2w64-gcc-libs=5.3.0=7
  - m2w64-gcc-libs-core=5.3.0=7
  - m2w64-gmp=6.1.0=2
  - m2w64-libwinpthread-git=5.0.0.4634.697f757=2
  - mkl=2022.1.0=h6a75c08_874
  - msys2-conda-epoch=20160418=1
  - numba=0.56.4=py310h4ed8f06_0
  - numpy=1.23.5=py310h4a8f9c9_0
  - openssl=1.1.1s=h2bbff1b_0
  - packaging=23.0=pyhd8ed1ab_0
  - pip=22.3.1=py310haa95532_0
  - pooch=1.6.0=pyhd8ed1ab_0
  - pycparser=2.21=pyhd3eb1b0_0
  - pyopenssl=23.0.0=pyhd8ed1ab_0
  - pysocks=1.7.1=py310haa95532_0
  - python=3.10.8=h966fe2a_1
  - python_abi=3.10=2_cp310
  - requests=2.28.1=py310haa95532_0
  - scipy=1.10.0=py310h578b7cb_0
  - setuptools=65.6.3=py310haa95532_0
  - sqlite=3.40.1=h2bbff1b_0
  - tbb=2021.7.0=h91493d7_0
  - tk=8.6.12=h2bbff1b_0
  - tzdata=2022g=h04d1e81_0
  - ucrt=10.0.22621.0=h57928b3_0
  - urllib3=1.26.14=pyhd8ed1ab_0
  - vc=14.3=hb6edc58_10
  - vs2015_runtime=14.34.31931=h4c5c07a_10
  - wheel=0.38.4=pyhd8ed1ab_0
  - win_inet_pton=1.1.0=py310haa95532_0
  - wincertstore=0.2=py310haa95532_2
  - xz=5.2.8=h8cc25b3_0
  - zlib=1.2.13=h8cc25b3_0
  - pip:
      - altgraph==0.17.3
      - babelviscofdtd==1.0.0
      - click==8.1.3
      - colorama==0.4.6
      - contourpy==1.0.7
      - cycler==0.11.0
      - fastrlock==0.8.1
      - fonttools==4.38.0
      - future==0.18.3
      - h5py==3.7.0
      - hdf5plugin==4.0.1
      - histoprint==2.4.0
      - imageio==2.24.0
      - kiwisolver==1.4.4
      - linetimer==0.1.5
      - llvmlite==0.39.1
      - mako==1.2.4
      - markupsafe==2.1.1
      - matplotlib==3.6.3
      - networkx==3.0
      - nibabel==5.0.0
      - numpy-stl==3.0.0
      - pandas==1.5.2
      - pefile==2022.5.30
      - pillow==9.4.0
      - platformdirs==2.6.2
      - pydicom==2.3.1
      - pygments==2.14.0
      - pyinstaller==5.7.0
      - pyinstaller-hooks-contrib==2022.15
      - pyopencl==2022.3.1
      - pyparsing==3.0.9
      - pyside6==6.4.2
      - pyside6-addons==6.4.2
      - pyside6-essentials==6.4.2
      - python-dateutil==2.8.2
      - python-utils==3.4.5
      - pytools==2022.1.14
      - pytz==2022.7.1
      - pyvista==0.37.0
      - pywavelets==1.4.1
      - pywin32-ctypes==0.2.0
      - pyyaml==6.0
      - qtpy==2.3.0
      - scikit-image==0.19.3
      - scooby==0.7.0
      - shiboken6==6.4.2
      - simpleitk==2.2.1
      - six==1.16.0
      - superqt==0.4.1
      - tifffile==2022.10.10
      - trimesh==3.18.0
      - typing-extensions==4.4.0
      - uhi==0.3.3
      - vtk==9.2.5
prefix: C:\Users\SPichardo\anaconda3\envs\BabelBrain
